ws11 CUT 15 35 30 70 10 5
ws12 CUT 15 35 30 70 10 5
ws13 CUT 15 35 30 70 10 5
ws21 DRILL 15 35 30 70 10 5
ws22 DRILL 15 35 30 70 10 5
ws31 SCREW 15 35 30 70 10 5
ws32 SCREW 15 35 30 70 10 5
ws41 POLISH 15 35 30 70 10 5
ws42 POLISH 15 35 30 70 10 5
ws43 POLISH 15 35 30 70 10 5
ws44 POLISH 15 35 30 70 10 5
ws51 VARNISH 15 35 30 70 10 5
ws52 VARNISH 15 35 30 70 10 5
ws53 VARNISH 15 35 30 70 10 5
ws54 VARNISH 15 35 30 70 10 5
ws55 VARNISH 15 35 30 70 10 5
ws56 VARNISH 15 35 30 70 10 5
ws61 PACK 15 35 30 70 10 5
ws62 PACK 15 35 30 70 10 5
